id,lat,lng
0,22.373872030928396,114.21988057144533
1,22.982933923825,114.43504996382026
2,22.404187617893907,114.33982986344543
3,22.6826847792586,113.88361572446114
4,22.33891995749619,114.0172714041462
5,22.486809703919935,114.31636766449952
6,22.401330740249808,113.48473867413726
7,22.95679993862976,114.1484012986287
8,22.142426471737284,113.55070554559688
9,22.47287620906781,113.92189578510502
10,22.91930800349135,113.72755089749434
11,22.86497102758562,114.15548728506738
12,22.151107435579284,113.92370298341714
13,22.794198795505913,113.89619580700449
14,22.376437887846674,114.94929479933086
15,22.590819766786037,114.25169686245732
16,22.988530387205998,114.21395849490759
17,22.39118547207187,113.86135243156431
18,22.568269796766153,114.78277414159446
19,22.156741697836416,114.98298528147167
20,22.693112241994392,114.75393798617121
